1000 0.003793 0.001925
2000 0.010629 0.001751
3000 0.013820 0.001819
4000 0.024572 0.002702
5000 0.041646 0.006299
6000 0.056467 0.003946
7000 0.067388 0.004452
8000 0.132755 0.007138
9000 0.144597 0.007268
10000 0.176385 0.010446
11000 0.207331 0.008130
12000 0.224029 0.009310
13000 0.251217 0.010946
14000 0.331965 0.010905
15000 0.388647 0.011248
16000 0.415373 0.023999
17000 0.510002 0.019313
18000 0.529902 0.030548
19000 0.612188 0.014753
20000 0.614535 0.032701
21000 0.724535 0.023663
22000 0.866024 0.018278
23000 1.074512 0.022304
24000 0.956008 0.027538
25000 1.153586 0.020928
26000 1.051328 0.025042
27000 1.154733 0.023272
28000 1.954344 0.025527
29000 1.427783 0.024247
30000 2.615060 0.031700
31000 1.846629 0.031517
32000 1.706290 0.043819
33000 2.352055 0.029360
34000 1.920536 0.090985
35000 2.094311 0.043284
36000 2.170928 0.044257
37000 2.504258 0.055311
38000 2.692774 0.054850
39000 2.742990 0.045359
40000 2.470347 0.041521
41000 3.326984 0.043691
42000 3.215793 0.049394
43000 3.348700 0.046340
44000 3.057841 0.073057
45000 3.817006 0.060952
46000 3.880748 0.088270
47000 4.079502 0.054614
48000 3.517675 0.049073
49000 4.060296 0.071316
50000 4.863084 0.054155
